{
 "cells": [
  {
   "cell_type": "markdown",
   "metadata": {},
   "source": [
    "# Joining and Splitting Arrays\n",
    "- concatenate\n",
    "- stack\n",
    "- split\n"
   ]
  },
  {
   "cell_type": "code",
   "execution_count": 1,
   "metadata": {},
   "outputs": [],
   "source": [
    "import numpy as np"
   ]
  },
  {
   "cell_type": "code",
   "execution_count": 2,
   "metadata": {},
   "outputs": [
    {
     "data": {
      "text/plain": [
       "array([[1, 2],\n",
       "       [3, 4]])"
      ]
     },
     "execution_count": 2,
     "metadata": {},
     "output_type": "execute_result"
    }
   ],
   "source": [
    "a = np.array([[1,2], [3,4]])\n",
    "b = np.array([[5,6]])\n",
    "a"
   ]
  },
  {
   "cell_type": "code",
   "execution_count": 3,
   "metadata": {},
   "outputs": [
    {
     "data": {
      "text/plain": [
       "array([[5, 6]])"
      ]
     },
     "execution_count": 3,
     "metadata": {},
     "output_type": "execute_result"
    }
   ],
   "source": [
    "b"
   ]
  },
  {
   "cell_type": "code",
   "execution_count": 5,
   "metadata": {},
   "outputs": [],
   "source": [
    "together = np.concatenate((a,b), axis=0)"
   ]
  },
  {
   "cell_type": "code",
   "execution_count": 6,
   "metadata": {},
   "outputs": [
    {
     "data": {
      "text/plain": [
       "array([[1, 2],\n",
       "       [3, 4],\n",
       "       [5, 6]])"
      ]
     },
     "execution_count": 6,
     "metadata": {},
     "output_type": "execute_result"
    }
   ],
   "source": [
    "together"
   ]
  },
  {
   "cell_type": "code",
   "execution_count": 7,
   "metadata": {},
   "outputs": [
    {
     "data": {
      "text/plain": [
       "(3, 2)"
      ]
     },
     "execution_count": 7,
     "metadata": {},
     "output_type": "execute_result"
    }
   ],
   "source": [
    "together.shape"
   ]
  },
  {
   "cell_type": "code",
   "execution_count": 8,
   "metadata": {},
   "outputs": [],
   "source": [
    "together[1,1] = 555"
   ]
  },
  {
   "cell_type": "code",
   "execution_count": 9,
   "metadata": {},
   "outputs": [
    {
     "data": {
      "text/plain": [
       "array([[  1,   2],\n",
       "       [  3, 555],\n",
       "       [  5,   6]])"
      ]
     },
     "execution_count": 9,
     "metadata": {},
     "output_type": "execute_result"
    }
   ],
   "source": [
    "together"
   ]
  },
  {
   "cell_type": "code",
   "execution_count": 10,
   "metadata": {},
   "outputs": [
    {
     "data": {
      "text/plain": [
       "array([[1, 2],\n",
       "       [3, 4]])"
      ]
     },
     "execution_count": 10,
     "metadata": {},
     "output_type": "execute_result"
    }
   ],
   "source": [
    "a"
   ]
  },
  {
   "cell_type": "code",
   "execution_count": 12,
   "metadata": {},
   "outputs": [
    {
     "data": {
      "text/plain": [
       "array([[ 8, 11],\n",
       "       [14, 17]])"
      ]
     },
     "execution_count": 12,
     "metadata": {},
     "output_type": "execute_result"
    }
   ],
   "source": [
    "c = np.array([[1,2],[3,4]])*3+5\n",
    "c"
   ]
  },
  {
   "cell_type": "code",
   "execution_count": 14,
   "metadata": {},
   "outputs": [
    {
     "data": {
      "text/plain": [
       "array([[ 1,  2,  8, 11],\n",
       "       [ 3,  4, 14, 17]])"
      ]
     },
     "execution_count": 14,
     "metadata": {},
     "output_type": "execute_result"
    }
   ],
   "source": [
    "np.concatenate((a,c),axis=1)"
   ]
  },
  {
   "cell_type": "code",
   "execution_count": 15,
   "metadata": {},
   "outputs": [
    {
     "data": {
      "text/plain": [
       "array([[[ 0.99799711,  0.49748989,  1.10215943,  0.05263983],\n",
       "        [ 0.87987223,  0.3190431 , -2.0829436 , -0.5007715 ],\n",
       "        [-0.79515694, -0.29719899, -0.9104636 , -0.63306455]],\n",
       "\n",
       "       [[ 0.59255563, -0.64049522, -0.89135112,  0.4778354 ],\n",
       "        [-2.09170493, -0.19763932,  1.26672971,  2.49444303],\n",
       "        [-0.73220436, -0.63600603,  0.55850056, -1.73674516]],\n",
       "\n",
       "       [[-2.13515079, -1.26969949, -0.35031746,  0.36697678],\n",
       "        [-1.03166547,  0.1538131 , -0.21968336, -0.12596854],\n",
       "        [-0.17174961,  0.5142394 , -0.27296494, -1.48228995]],\n",
       "\n",
       "       [[ 0.50434224, -1.91341844,  1.16662839, -0.8324204 ],\n",
       "        [-2.13466868, -0.77657349, -0.97101102,  0.64545251],\n",
       "        [-0.73667192, -0.58673213, -1.33384273,  0.17074187]],\n",
       "\n",
       "       [[-0.96474271,  0.36889067,  0.4632624 ,  1.84858276],\n",
       "        [ 0.02127107,  0.27837976,  1.36073706, -0.74283847],\n",
       "        [ 0.76215168,  0.3724816 ,  0.47029905,  1.09141112]]])"
      ]
     },
     "execution_count": 15,
     "metadata": {},
     "output_type": "execute_result"
    }
   ],
   "source": [
    "arrays= np.zeros((5,3,4))\n",
    "for n in range(5):\n",
    "    arrays[n] = np.random.randn(3,4)\n",
    "arrays"
   ]
  },
  {
   "cell_type": "code",
   "execution_count": 16,
   "metadata": {},
   "outputs": [],
   "source": [
    "stack0 =np.stack(arrays, axis=0)\n",
    "stack1 =np.stack(arrays, axis=1)\n",
    "stack2 =np.stack(arrays, axis=2)"
   ]
  },
  {
   "cell_type": "code",
   "execution_count": 17,
   "metadata": {},
   "outputs": [
    {
     "data": {
      "text/plain": [
       "array([[[ 0.99799711,  0.49748989,  1.10215943,  0.05263983],\n",
       "        [ 0.87987223,  0.3190431 , -2.0829436 , -0.5007715 ],\n",
       "        [-0.79515694, -0.29719899, -0.9104636 , -0.63306455]],\n",
       "\n",
       "       [[ 0.59255563, -0.64049522, -0.89135112,  0.4778354 ],\n",
       "        [-2.09170493, -0.19763932,  1.26672971,  2.49444303],\n",
       "        [-0.73220436, -0.63600603,  0.55850056, -1.73674516]],\n",
       "\n",
       "       [[-2.13515079, -1.26969949, -0.35031746,  0.36697678],\n",
       "        [-1.03166547,  0.1538131 , -0.21968336, -0.12596854],\n",
       "        [-0.17174961,  0.5142394 , -0.27296494, -1.48228995]],\n",
       "\n",
       "       [[ 0.50434224, -1.91341844,  1.16662839, -0.8324204 ],\n",
       "        [-2.13466868, -0.77657349, -0.97101102,  0.64545251],\n",
       "        [-0.73667192, -0.58673213, -1.33384273,  0.17074187]],\n",
       "\n",
       "       [[-0.96474271,  0.36889067,  0.4632624 ,  1.84858276],\n",
       "        [ 0.02127107,  0.27837976,  1.36073706, -0.74283847],\n",
       "        [ 0.76215168,  0.3724816 ,  0.47029905,  1.09141112]]])"
      ]
     },
     "execution_count": 17,
     "metadata": {},
     "output_type": "execute_result"
    }
   ],
   "source": [
    "stack0"
   ]
  },
  {
   "cell_type": "code",
   "execution_count": 18,
   "metadata": {},
   "outputs": [
    {
     "data": {
      "text/plain": [
       "array([[[ 0.99799711,  0.49748989,  1.10215943,  0.05263983],\n",
       "        [ 0.59255563, -0.64049522, -0.89135112,  0.4778354 ],\n",
       "        [-2.13515079, -1.26969949, -0.35031746,  0.36697678],\n",
       "        [ 0.50434224, -1.91341844,  1.16662839, -0.8324204 ],\n",
       "        [-0.96474271,  0.36889067,  0.4632624 ,  1.84858276]],\n",
       "\n",
       "       [[ 0.87987223,  0.3190431 , -2.0829436 , -0.5007715 ],\n",
       "        [-2.09170493, -0.19763932,  1.26672971,  2.49444303],\n",
       "        [-1.03166547,  0.1538131 , -0.21968336, -0.12596854],\n",
       "        [-2.13466868, -0.77657349, -0.97101102,  0.64545251],\n",
       "        [ 0.02127107,  0.27837976,  1.36073706, -0.74283847]],\n",
       "\n",
       "       [[-0.79515694, -0.29719899, -0.9104636 , -0.63306455],\n",
       "        [-0.73220436, -0.63600603,  0.55850056, -1.73674516],\n",
       "        [-0.17174961,  0.5142394 , -0.27296494, -1.48228995],\n",
       "        [-0.73667192, -0.58673213, -1.33384273,  0.17074187],\n",
       "        [ 0.76215168,  0.3724816 ,  0.47029905,  1.09141112]]])"
      ]
     },
     "execution_count": 18,
     "metadata": {},
     "output_type": "execute_result"
    }
   ],
   "source": [
    "stack1"
   ]
  },
  {
   "cell_type": "code",
   "execution_count": 19,
   "metadata": {},
   "outputs": [
    {
     "data": {
      "text/plain": [
       "array([[[ 0.99799711,  0.59255563, -2.13515079,  0.50434224,\n",
       "         -0.96474271],\n",
       "        [ 0.49748989, -0.64049522, -1.26969949, -1.91341844,\n",
       "          0.36889067],\n",
       "        [ 1.10215943, -0.89135112, -0.35031746,  1.16662839,\n",
       "          0.4632624 ],\n",
       "        [ 0.05263983,  0.4778354 ,  0.36697678, -0.8324204 ,\n",
       "          1.84858276]],\n",
       "\n",
       "       [[ 0.87987223, -2.09170493, -1.03166547, -2.13466868,\n",
       "          0.02127107],\n",
       "        [ 0.3190431 , -0.19763932,  0.1538131 , -0.77657349,\n",
       "          0.27837976],\n",
       "        [-2.0829436 ,  1.26672971, -0.21968336, -0.97101102,\n",
       "          1.36073706],\n",
       "        [-0.5007715 ,  2.49444303, -0.12596854,  0.64545251,\n",
       "         -0.74283847]],\n",
       "\n",
       "       [[-0.79515694, -0.73220436, -0.17174961, -0.73667192,\n",
       "          0.76215168],\n",
       "        [-0.29719899, -0.63600603,  0.5142394 , -0.58673213,\n",
       "          0.3724816 ],\n",
       "        [-0.9104636 ,  0.55850056, -0.27296494, -1.33384273,\n",
       "          0.47029905],\n",
       "        [-0.63306455, -1.73674516, -1.48228995,  0.17074187,\n",
       "          1.09141112]]])"
      ]
     },
     "execution_count": 19,
     "metadata": {},
     "output_type": "execute_result"
    }
   ],
   "source": [
    "stack2"
   ]
  },
  {
   "cell_type": "code",
   "execution_count": 20,
   "metadata": {},
   "outputs": [
    {
     "data": {
      "text/plain": [
       "[array([0, 1, 2, 3, 4])]"
      ]
     },
     "execution_count": 20,
     "metadata": {},
     "output_type": "execute_result"
    }
   ],
   "source": [
    "temp = np.arange(5)\n",
    "np.split(temp,1)"
   ]
  },
  {
   "cell_type": "code",
   "execution_count": 21,
   "metadata": {},
   "outputs": [
    {
     "data": {
      "text/plain": [
       "(5, 3, 4)"
      ]
     },
     "execution_count": 21,
     "metadata": {},
     "output_type": "execute_result"
    }
   ],
   "source": [
    "before_split = stack0\n",
    "before_split.shape"
   ]
  },
  {
   "cell_type": "code",
   "execution_count": 22,
   "metadata": {},
   "outputs": [
    {
     "data": {
      "text/plain": [
       "[array([[[ 0.99799711,  0.49748989,  1.10215943,  0.05263983],\n",
       "         [ 0.87987223,  0.3190431 , -2.0829436 , -0.5007715 ],\n",
       "         [-0.79515694, -0.29719899, -0.9104636 , -0.63306455]]]),\n",
       " array([[[ 0.59255563, -0.64049522, -0.89135112,  0.4778354 ],\n",
       "         [-2.09170493, -0.19763932,  1.26672971,  2.49444303],\n",
       "         [-0.73220436, -0.63600603,  0.55850056, -1.73674516]]]),\n",
       " array([[[-2.13515079, -1.26969949, -0.35031746,  0.36697678],\n",
       "         [-1.03166547,  0.1538131 , -0.21968336, -0.12596854],\n",
       "         [-0.17174961,  0.5142394 , -0.27296494, -1.48228995]]]),\n",
       " array([[[ 0.50434224, -1.91341844,  1.16662839, -0.8324204 ],\n",
       "         [-2.13466868, -0.77657349, -0.97101102,  0.64545251],\n",
       "         [-0.73667192, -0.58673213, -1.33384273,  0.17074187]]]),\n",
       " array([[[-0.96474271,  0.36889067,  0.4632624 ,  1.84858276],\n",
       "         [ 0.02127107,  0.27837976,  1.36073706, -0.74283847],\n",
       "         [ 0.76215168,  0.3724816 ,  0.47029905,  1.09141112]]])]"
      ]
     },
     "execution_count": 22,
     "metadata": {},
     "output_type": "execute_result"
    }
   ],
   "source": [
    "s0=np.split(before_split, 5, axis=0)\n",
    "s0"
   ]
  },
  {
   "cell_type": "code",
   "execution_count": 23,
   "metadata": {},
   "outputs": [
    {
     "data": {
      "text/plain": [
       "list"
      ]
     },
     "execution_count": 23,
     "metadata": {},
     "output_type": "execute_result"
    }
   ],
   "source": [
    "type(s0)"
   ]
  },
  {
   "cell_type": "code",
   "execution_count": 24,
   "metadata": {},
   "outputs": [
    {
     "data": {
      "text/plain": [
       "array([[[ 0.59255563, -0.64049522, -0.89135112,  0.4778354 ],\n",
       "        [-2.09170493, -0.19763932,  1.26672971,  2.49444303],\n",
       "        [-0.73220436, -0.63600603,  0.55850056, -1.73674516]]])"
      ]
     },
     "execution_count": 24,
     "metadata": {},
     "output_type": "execute_result"
    }
   ],
   "source": [
    "s0[1]"
   ]
  },
  {
   "cell_type": "code",
   "execution_count": 25,
   "metadata": {},
   "outputs": [
    {
     "data": {
      "text/plain": [
       "(1, 3, 4)"
      ]
     },
     "execution_count": 25,
     "metadata": {},
     "output_type": "execute_result"
    }
   ],
   "source": [
    "s0[1].shape"
   ]
  },
  {
   "cell_type": "code",
   "execution_count": 26,
   "metadata": {},
   "outputs": [
    {
     "data": {
      "text/plain": [
       "[array([[[ 0.99799711,  0.49748989,  1.10215943,  0.05263983]],\n",
       " \n",
       "        [[ 0.59255563, -0.64049522, -0.89135112,  0.4778354 ]],\n",
       " \n",
       "        [[-2.13515079, -1.26969949, -0.35031746,  0.36697678]],\n",
       " \n",
       "        [[ 0.50434224, -1.91341844,  1.16662839, -0.8324204 ]],\n",
       " \n",
       "        [[-0.96474271,  0.36889067,  0.4632624 ,  1.84858276]]]),\n",
       " array([[[ 0.87987223,  0.3190431 , -2.0829436 , -0.5007715 ]],\n",
       " \n",
       "        [[-2.09170493, -0.19763932,  1.26672971,  2.49444303]],\n",
       " \n",
       "        [[-1.03166547,  0.1538131 , -0.21968336, -0.12596854]],\n",
       " \n",
       "        [[-2.13466868, -0.77657349, -0.97101102,  0.64545251]],\n",
       " \n",
       "        [[ 0.02127107,  0.27837976,  1.36073706, -0.74283847]]]),\n",
       " array([[[-0.79515694, -0.29719899, -0.9104636 , -0.63306455]],\n",
       " \n",
       "        [[-0.73220436, -0.63600603,  0.55850056, -1.73674516]],\n",
       " \n",
       "        [[-0.17174961,  0.5142394 , -0.27296494, -1.48228995]],\n",
       " \n",
       "        [[-0.73667192, -0.58673213, -1.33384273,  0.17074187]],\n",
       " \n",
       "        [[ 0.76215168,  0.3724816 ,  0.47029905,  1.09141112]]])]"
      ]
     },
     "execution_count": 26,
     "metadata": {},
     "output_type": "execute_result"
    }
   ],
   "source": [
    "s1=np.split(before_split, 3, axis=1)\n",
    "s1"
   ]
  },
  {
   "cell_type": "code",
   "execution_count": 27,
   "metadata": {},
   "outputs": [
    {
     "data": {
      "text/plain": [
       "[array([[[ 0.99799711],\n",
       "         [ 0.87987223],\n",
       "         [-0.79515694]],\n",
       " \n",
       "        [[ 0.59255563],\n",
       "         [-2.09170493],\n",
       "         [-0.73220436]],\n",
       " \n",
       "        [[-2.13515079],\n",
       "         [-1.03166547],\n",
       "         [-0.17174961]],\n",
       " \n",
       "        [[ 0.50434224],\n",
       "         [-2.13466868],\n",
       "         [-0.73667192]],\n",
       " \n",
       "        [[-0.96474271],\n",
       "         [ 0.02127107],\n",
       "         [ 0.76215168]]]), array([[[ 0.49748989],\n",
       "         [ 0.3190431 ],\n",
       "         [-0.29719899]],\n",
       " \n",
       "        [[-0.64049522],\n",
       "         [-0.19763932],\n",
       "         [-0.63600603]],\n",
       " \n",
       "        [[-1.26969949],\n",
       "         [ 0.1538131 ],\n",
       "         [ 0.5142394 ]],\n",
       " \n",
       "        [[-1.91341844],\n",
       "         [-0.77657349],\n",
       "         [-0.58673213]],\n",
       " \n",
       "        [[ 0.36889067],\n",
       "         [ 0.27837976],\n",
       "         [ 0.3724816 ]]]), array([[[ 1.10215943],\n",
       "         [-2.0829436 ],\n",
       "         [-0.9104636 ]],\n",
       " \n",
       "        [[-0.89135112],\n",
       "         [ 1.26672971],\n",
       "         [ 0.55850056]],\n",
       " \n",
       "        [[-0.35031746],\n",
       "         [-0.21968336],\n",
       "         [-0.27296494]],\n",
       " \n",
       "        [[ 1.16662839],\n",
       "         [-0.97101102],\n",
       "         [-1.33384273]],\n",
       " \n",
       "        [[ 0.4632624 ],\n",
       "         [ 1.36073706],\n",
       "         [ 0.47029905]]]), array([[[ 0.05263983],\n",
       "         [-0.5007715 ],\n",
       "         [-0.63306455]],\n",
       " \n",
       "        [[ 0.4778354 ],\n",
       "         [ 2.49444303],\n",
       "         [-1.73674516]],\n",
       " \n",
       "        [[ 0.36697678],\n",
       "         [-0.12596854],\n",
       "         [-1.48228995]],\n",
       " \n",
       "        [[-0.8324204 ],\n",
       "         [ 0.64545251],\n",
       "         [ 0.17074187]],\n",
       " \n",
       "        [[ 1.84858276],\n",
       "         [-0.74283847],\n",
       "         [ 1.09141112]]])]"
      ]
     },
     "execution_count": 27,
     "metadata": {},
     "output_type": "execute_result"
    }
   ],
   "source": [
    "s2=np.split(before_split, 4, axis=2)\n",
    "s2"
   ]
  },
  {
   "cell_type": "code",
   "execution_count": null,
   "metadata": {},
   "outputs": [],
   "source": []
  }
 ],
 "metadata": {
  "kernelspec": {
   "display_name": "Python 3",
   "language": "python",
   "name": "python3"
  },
  "language_info": {
   "codemirror_mode": {
    "name": "ipython",
    "version": 3
   },
   "file_extension": ".py",
   "mimetype": "text/x-python",
   "name": "python",
   "nbconvert_exporter": "python",
   "pygments_lexer": "ipython3",
   "version": "3.6.5"
  }
 },
 "nbformat": 4,
 "nbformat_minor": 1
}
